9 14 0 8 0.250278
12 17 0 8 0.235160
1 6 0 8 0.229715
11 16 0 8 0.220855
3 8 0 8 0.215494
6 11 0 8 0.207702
10 15 0 8 0.202384
14 19 0 8 0.197583
4 9 0 8 0.196204
8 13 0 8 0.194785
5 10 0 8 0.188735
7 12 0 8 0.186292
17 22 0 8 0.183531
13 18 0 8 0.179580
2 7 0 8 0.170558
15 20 0 8 0.157362
16 21 0 8 0.146118
1 7 0 8 0.120238
2 8 0 8 0.102276
2 9 0 8 0.081202
1 8 0 8 0.078983
8 14 0 8 0.063643
11 18 0 8 0.057267
9 16 0 8 0.051361
12 18 0 8 0.050946
5 11 0 8 0.034560
5 12 0 8 0.032079
11 17 0 8 0.029277
10 17 0 8 0.028625
4 11 0 8 0.026634
6 12 0 8 0.025757
7 14 0 8 0.020993
3 9 0 8 0.019063
3 10 0 8 0.018882
9 15 0 8 0.017459
16 22 0 8 0.017051
4 10 0 8 0.014402
6 13 0 8 0.013294
8 16 0 8 0.011754
8 15 0 8 0.010108
10 16 0 8 0.009134
4 12 0 8 0.006607
9 17 0 8 0.006496
6 14 0 8 0.006170
3 22 0 8 0.005938
2 10 0 8 0.005838
7 13 0 8 0.005502
14 22 0 8 0.005397
11 19 0 8 0.005058
2 11 0 8 0.004743
15 21 0 8 0.004348
3 11 0 8 0.003865
9 19 0 8 0.003843
8 17 0 8 0.003744
9 18 0 8 0.003621
8 18 0 8 0.003303
2 14 0 8 0.003280
15 22 0 8 0.003169
6 15 0 8 0.003010
4 22 0 8 0.002960
1 9 0 8 0.002853
2 22 0 8 0.002830
10 18 0 8 0.002812
5 14 0 8 0.002748
7 15 0 8 0.002647
2 12 0 8 0.002629
14 21 0 8 0.002432
4 14 0 8 0.002253
6 18 0 8 0.002250
2 16 0 8 0.002244
2 18 0 8 0.002199
13 19 0 8 0.002122
3 12 0 8 0.002052
2 19 0 8 0.001966
8 19 0 8 0.001887
3 14 0 8 0.001817
5 19 0 8 0.001713
2 17 0 8 0.001706
6 17 0 8 0.001691
3 19 0 8 0.001610
2 15 0 8 0.001603
4 19 0 8 0.001531
5 13 0 8 0.001455
12 19 0 8 0.001424
6 16 0 8 0.001422
5 16 0 8 0.001390
4 16 0 8 0.001379
12 22 0 8 0.001353
13 20 0 8 0.001340
1 21 0 8 0.001288
4 18 0 8 0.001261
3 18 0 8 0.001235
3 15 0 8 0.001184
5 18 0 8 0.001142
4 15 0 8 0.001080
5 17 0 8 0.001027
4 17 0 8 0.000983
1 19 0 8 0.000977
11 22 0 8 0.000965
1 22 0 8 0.000887
2 21 0 8 0.000864
3 16 0 8 0.000817
7 17 0 8 0.000815
3 17 0 8 0.000801
3 21 0 8 0.000753
4 13 0 8 0.000749
5 15 0 8 0.000729
1 10 0 8 0.000717
7 18 0 8 0.000706
6 19 0 8 0.000683
2 13 0 8 0.000682
7 16 0 8 0.000674
10 19 0 8 0.000657
8 22 0 8 0.000647
7 19 0 8 0.000548
14 20 0 8 0.000488
12 21 0 8 0.000481
1 20 0 8 0.000460
13 21 0 8 0.000431
6 22 0 8 0.000420
4 21 0 8 0.000414
1 12 0 8 0.000403
1 17 0 8 0.000376
1 11 0 8 0.000364
1 15 0 8 0.000360
3 13 0 8 0.000349
2 20 0 8 0.000331
1 18 0 8 0.000310
6 21 0 8 0.000296
10 21 0 8 0.000296
13 22 0 8 0.000276
9 21 0 8 0.000272
12 20 0 8 0.000262
6 20 0 8 0.000240
1 16 0 8 0.000240
1 14 0 8 0.000236
10 22 0 8 0.000227
11 21 0 8 0.000224
9 22 0 8 0.000222
5 21 0 8 0.000208
1 13 0 8 0.000208
7 21 0 8 0.000204
8 21 0 8 0.000188
10 20 0 8 0.000188
5 22 0 8 0.000186
8 20 0 8 0.000154
5 20 0 8 0.000152
7 22 0 8 0.000146
3 20 0 8 0.000145
4 20 0 8 0.000137
11 20 0 8 0.000136
7 20 0 8 0.000133
9 20 0 8 0.000115
